seq   group gukeo  math    mid
1      1 78.00 91.70 188.13
2      1 68.00 63.37 146.42
3      1 75.00 85.82 182.66
4      1 76.00 61.67 143.13
5      1 79.00 82.81 173.45
6      1 72.00 80.92 168.32
7      1 65.00 79.70 167.35
8      1 71.00 61.19 140.35
9      1 71.00 66.35 153.92
10     1 74.00 88.15 182.20
11     1 75.00 87.08 179.77
12     1 69.00 61.20 143.25
13     1 82.00 92.38 189.71
14     1 71.00 77.09 165.97
15     1 74.00 75.45 166.21
16     1 61.00 73.04 158.78
17     1 82.00 88.24 184.99
18     1 74.00 75.28 164.92
19     1 85.00 94.75 196.93
20     1 78.00 84.01 177.07
21     1 79.00 94.50 191.23
22     1 79.00 60.24 146.31
23     1 72.00 73.54 161.43
24     1 70.00 60.89 138.13
25     1 77.00 73.20 158.43
26     1 78.00 77.51 166.83
27     1 69.00 89.98 178.04
28     1 81.00 76.63 171.25
29     1 75.00 77.39 169.88
30     1 67.00 84.47 171.39
31     2 73.99 93.74 151.98
32     2 70.83 80.59 143.01
33     2 73.88 73.41 135.05
34     2 74.33 72.19 137.85
35     2 73.98 60.69 125.84
36     2 74.40 64.23 131.44
37     2 76.42 88.21 146.77
38     2 72.28 64.97 130.39
39     2 78.75 72.67 138.21
40     2 79.59 64.93 137.78
41     2 72.67 85.36 147.38
42     2 83.23 93.22 161.12
43     2 77.28 96.23 155.97
44     2 77.91 98.97 156.02
45     2 82.20 82.75 144.50
46     2 78.59 68.63 140.43
47     2 73.85 92.87 151.01
48     2 67.19 72.35 131.47
49     2 70.68 61.38 125.63
50     2 77.10 78.35 146.49
51     2 68.44 63.38 127.86
52     2 75.01 70.74 135.97
53     2 71.38 72.01 134.81
54     2 70.90 94.20 148.39
55     2 81.11 80.98 149.32
56     2 73.82 77.12 140.65
57     2 76.28 82.15 149.68
58     2 73.08 88.16 149.00
59     2 78.24 83.88 146.46
60     2 70.56 61.23 130.26
