p_no occurr con_metric p_size_km
1   1  0.650  130.9
2   0  0.610  104.1
3   0  0.744  132.3
4   1  0.213  225.6
5   1  0.723  83.0
6   0  0.678  48.8
7   0  0.733  61.0
8   1  0.522  39.6
9   1  0.552  193.1
10  0  0.245  155.6
11  1  0.776  160.1
12  1  0.623  181.1
13  1  0.613  26.8
14  0  0.196  46.7
15  0  0.564  94.4
16  0  0.769  123.3
17  0  0.761  96.5
18  0  0.647  63.1
19  0  0.302  76.7
20  0  0.711  82.4
21  1  0.311  142.0
22  0  0.543  117.2
23  0  0.344  148.4
24  0  0.668  39.9
25  0  0.102  23.7
26  0  0.450  100.2
27  0  0.514  141.2
28  0  0.046  37.2
29  0  0.315  27.5
30  0  0.716  103.9
31  1  0.293  174.2
32  0  0.820  25.7
33  1  0.540  123.9
34  1  0.692  117.0
35  0  0.701  66.0
36  1  0.302  197.5
37  1  0.201  145.2
38  1  0.246  165.2
39  1  0.967  76.6
40  1  0.315  117.3
41  0  0.732  53.4
42  0  0.230  84.6
43  0  0.593  82.8
44  1  0.875  203.5
45  1  0.657  33.4
46  1  0.391  198.2
47  1  0.453  194.6
48  0  0.127  98.0
49  1  0.609  160.7
50  1  0.761  66.5
